<?xml version="1.0" encoding="UTF-8" standalone="no"?>
<svg
   viewBox="0 0 400 300"
   width="406"
   height="306"
   class="illustration styles_illustrationTablet__1DWOa"
   version="1.1"
   id="svg161"
   sodipodi:docname="TechSupport.svg"
   xmlns:inkscape="http://www.inkscape.org/namespaces/inkscape"
   xmlns:sodipodi="http://sodipodi.sourceforge.net/DTD/sodipodi-0.dtd"
   xmlns="http://www.w3.org/2000/svg"
   xmlns:svg="http://www.w3.org/2000/svg">
  <defs
     id="defs165" />
  <sodipodi:namedview
     id="namedview163"
     pagecolor="#ffffff"
     bordercolor="#000000"
     borderopacity="0.25"
     inkscape:showpageshadow="2"
     inkscape:pageopacity="0.0"
     inkscape:pagecheckerboard="0"
     inkscape:deskcolor="#d1d1d1"
     showgrid="false" />
  <g
     id="_513_smart_phone_data_flatline"
     data-name="#513_smart_phone_data_flatline">
    <path
       d="m 304.87,66.22 c 0,0 -2.15,-4 -5.59,-9.43 0,0 -10.94,8.17 -10.84,7.71 0.1,-0.46 16.43,1.72 16.43,1.72 z"
       fill="#231f20"
       id="path2" />
    <path
       d="m 304.87,66.72 h -0.07 c -5.75,-0.76 -15.14,-1.9 -16.16,-1.76 -0.29,0.11 -0.37,0 -0.47,0 a 0.51,0.51 0 0 1 -0.22,-0.53 c 0,-0.15 0.05,-0.29 0.37,-0.36 v 0 c 0.65,-0.26 6.88,-4.83 10.66,-7.65 a 0.49,0.49 0 0 1 0.39,-0.09 0.48,0.48 0 0 1 0.33,0.22 c 3.41,5.42 5.59,9.42 5.61,9.46 a 0.49,0.49 0 0 1 0,0.52 0.5,0.5 0 0 1 -0.44,0.19 z M 290.21,64 c 2.06,0.12 6,0.56 13.74,1.57 -0.78,-1.4 -2.49,-4.38 -4.81,-8.07 -4.83,3.62 -7.46,5.5 -8.93,6.5 z"
       fill="#231f20"
       id="path4" />
    <polygon
       points="154.55,222.08 162.1,215.25 160.01,231.18 "
       fill="#231f20"
       id="polygon6" />
    <path
       d="m 160,231.68 a 0.48,0.48 0 0 1 -0.43,-0.25 l -5.46,-9.09 a 0.51,0.51 0 0 1 0.09,-0.63 l 7.56,-6.83 a 0.48,0.48 0 0 1 0.56,-0.07 0.51,0.51 0 0 1 0.27,0.51 l -2.1,15.92 a 0.51,0.51 0 0 1 -0.39,0.43 z m -4.82,-9.51 4.51,7.52 1.73,-13.16 z"
       fill="#231f20"
       id="path8" />
    <path
       d="m 163.55,233.09 87.84,12.52 a 7.65,7.65 0 0 0 8.32,-5.39 l 45.47,-170.1 a 5.38,5.38 0 0 0 -5.05,-6.93 L 210.54,56 a 7.91,7.91 0 0 0 -8,5.66 L 159,226.07 a 5.48,5.48 0 0 0 4.55,7.02 z"
       fill="#231f20"
       id="path10" />
    <path
       d="m 252.39,246.18 a 7.69,7.69 0 0 1 -1.07,-0.07 l -87.84,-12.53 a 6,6 0 0 1 -4.25,-2.61 6.12,6.12 0 0 1 -0.76,-5 L 202.08,61.5 a 8.45,8.45 0 0 1 8.5,-6 l 89.59,7.22 a 6.2,6.2 0 0 1 4.69,2.53 5.93,5.93 0 0 1 0.8,5 L 260.2,240.34 a 8.19,8.19 0 0 1 -7.81,5.84 z M 210,56.45 a 7.43,7.43 0 0 0 -7,5.31 L 159.44,226.2 a 5.13,5.13 0 0 0 0.62,4.21 5,5 0 0 0 3.56,2.18 v 0 l 87.84,12.53 a 7.16,7.16 0 0 0 7.77,-5 L 304.7,70 A 5,5 0 0 0 304,65.8 5.24,5.24 0 0 0 300,63.69 L 210.5,56.47 A 4.26,4.26 0 0 0 210,56.45 Z"
       fill="#231f20"
       id="path12" />
    <path
       d="m 157.83,223.7 87.84,12.52 a 7.65,7.65 0 0 0 8.32,-5.39 l 45.47,-170.1 a 5.38,5.38 0 0 0 -5,-6.93 l -89.59,-7.22 a 7.91,7.91 0 0 0 -8,5.66 l -43.6,164.44 a 5.47,5.47 0 0 0 4.56,7.02 z"
       fill="#ffffff"
       id="path14" />
    <path
       d="m 246.67,236.79 a 7.69,7.69 0 0 1 -1.07,-0.07 l -87.84,-12.53 a 6,6 0 0 1 -4.25,-2.61 6.15,6.15 0 0 1 -0.76,-5 L 196.36,52.11 a 8.43,8.43 0 0 1 8.5,-6 l 89.59,7.23 a 6.17,6.17 0 0 1 4.69,2.53 5.9,5.9 0 0 1 0.8,5 L 254.48,231 a 8.19,8.19 0 0 1 -7.81,5.79 z M 204.28,47.06 a 7.44,7.44 0 0 0 -7,5.31 l -43.6,164.44 a 5.16,5.16 0 0 0 0.62,4.22 5,5 0 0 0 3.56,2.17 v 0 l 87.84,12.53 a 7.17,7.17 0 0 0 7.77,-5 L 299,60.61 a 5,5 0 0 0 -0.66,-4.2 5.24,5.24 0 0 0 -3.95,-2.11 L 204.8,47.08 Z"
       fill="#231f20"
       id="path16" />
    <polygon
       points="290.78,71.93 199.06,63.98 163.86,196.66 254.24,208.69 "
       fill="#e6e7e8"
       id="polygon18" />
    <path
       d="m 254.24,208.84 v 0 l -90.38,-12 a 0.16,0.16 0 0 1 -0.13,-0.2 l 35.2,-132.68 a 0.15,0.15 0 0 1 0.16,-0.12 l 91.72,7.95 a 0.15,0.15 0 0 1 0.12,0.07 0.12,0.12 0 0 1 0,0.13 l -36.54,136.74 a 0.14,0.14 0 0 1 -0.15,0.11 z m -90.18,-12.31 90.06,12 36.46,-136.46 -91.4,-7.92 z"
       fill="#d1d3d4"
       id="path20" />
    <path
       d="m 194.14,222.72 17.14,2.41 a 4.63,4.63 0 0 0 5,-3.29 l 1.71,-6.4 a 3.44,3.44 0 0 0 -3,-4.39 l -17.17,-2.33 a 4.61,4.61 0 0 0 -4.94,3.29 l -1.69,6.34 a 3.42,3.42 0 0 0 2.95,4.37 z"
       fill="#ffffff"
       id="path22" />
    <path
       d="m 211.86,225.67 a 4.74,4.74 0 0 1 -0.65,0 l -17.14,-2.41 a 3.91,3.91 0 0 1 -3.32,-5 l 1.68,-6.34 a 5.13,5.13 0 0 1 5.5,-3.65 l 17.17,2.32 a 4.08,4.08 0 0 1 2.87,1.74 4,4 0 0 1 0.5,3.28 l -1.7,6.39 a 5.18,5.18 0 0 1 -4.91,3.67 z M 197.3,209.18 a 4.12,4.12 0 0 0 -3.9,3 l -1.69,6.34 a 3,3 0 0 0 0.37,2.45 2.94,2.94 0 0 0 2.13,1.29 v 0 l 17.14,2.41 a 4.11,4.11 0 0 0 4.45,-2.92 l 1.7,-6.4 a 3,3 0 0 0 -0.36,-2.46 3,3 0 0 0 -2.18,-1.3 l -17.17,-2.33 a 4,4 0 0 0 -0.49,-0.08 z"
       fill="#e6e7e8"
       id="path24" />
    <path
       d="m 263.65,60.55 v 0 l -26.2,-2.19 a 0.49,0.49 0 0 1 -0.45,-0.54 0.5,0.5 0 0 1 0.54,-0.45 l 26.2,2.19 a 0.5,0.5 0 0 1 0,1 z"
       fill="#e6e7e8"
       id="path26" />
    <path
       d="m 233.81,58.06 h -0.05 l -3.47,-0.29 a 0.5,0.5 0 0 1 -0.46,-0.54 0.52,0.52 0 0 1 0.54,-0.46 l 3.48,0.29 a 0.5,0.5 0 0 1 0.45,0.54 0.49,0.49 0 0 1 -0.49,0.46 z"
       fill="#e6e7e8"
       id="path28" />
    <path
       d="m 224.27,187.2 a 0.49,0.49 0 0 1 -0.41,-0.22 l -25,-35.88 a 0.5,0.5 0 1 1 0.82,-0.57 l 25,35.88 a 0.51,0.51 0 0 1 -0.13,0.7 0.47,0.47 0 0 1 -0.28,0.09 z"
       fill="#ffffff"
       id="path30" />
    <line
       x1="178.39999"
       y1="167.92999"
       x2="210.56"
       y2="170.74001"
       fill="#ffffff"
       id="line32" />
    <path
       d="m 210.56,171.24 v 0 l -32.16,-2.81 a 0.5,0.5 0 0 1 -0.46,-0.54 0.51,0.51 0 0 1 0.54,-0.46 l 32.17,2.81 a 0.51,0.51 0 0 1 0.45,0.54 0.5,0.5 0 0 1 -0.54,0.46 z"
       fill="#231f20"
       id="path34" />
    <line
       x1="176.31"
       y1="173.7"
       x2="202.22"
       y2="176.03999"
       fill="#ffffff"
       id="line36" />
    <path
       d="m 202.22,176.54 h -0.05 l -25.9,-2.33 a 0.5,0.5 0 0 1 -0.46,-0.54 0.5,0.5 0 0 1 0.55,-0.45 l 25.9,2.33 a 0.5,0.5 0 0 1 0.46,0.54 0.51,0.51 0 0 1 -0.5,0.45 z"
       fill="#231f20"
       id="path38" />
    <line
       x1="240.60001"
       y1="112.89"
       x2="272.76001"
       y2="115.7"
       fill="#ffffff"
       id="line40" />
    <path
       d="m 272.76,116.2 v 0 l -32.17,-2.81 a 0.50202092,0.50202092 0 0 1 0.09,-1 l 32.16,2.81 a 0.51,0.51 0 0 1 0.46,0.54 0.5,0.5 0 0 1 -0.54,0.46 z"
       fill="#231f20"
       id="path42" />
    <line
       x1="238.50999"
       y1="118.67"
       x2="264.42001"
       y2="121"
       fill="#ffffff"
       id="line44" />
    <path
       d="m 264.42,121.5 h -0.05 l -25.91,-2.33 a 0.5,0.5 0 0 1 -0.45,-0.54 0.49,0.49 0 0 1 0.54,-0.45 l 25.91,2.33 a 0.49,0.49 0 0 1 0.45,0.54 0.5,0.5 0 0 1 -0.49,0.45 z"
       fill="#231f20"
       id="path46" />
    <path
       d="m 199.77,95.34 29.68,1.93 a 2.81,2.81 0 0 1 2.58,3.42 l -4.74,18 a 3.74,3.74 0 0 1 -3.91,2.93 l -29.39,-2 a 2.77,2.77 0 0 1 -2.47,-3.49 l 4.41,-18 a 3.72,3.72 0 0 1 3.84,-2.79 z"
       fill="#ffffff"
       id="path48" />
    <path
       d="m 223.69,122.11 h -0.36 l -29.38,-2 A 3.24,3.24 0 0 1 191.56,118.79 3.42,3.42 0 0 1 191,116 l 4.41,-18 a 4.25,4.25 0 0 1 4.37,-3.2 l 29.67,1.94 a 3.3,3.3 0 0 1 3,4 l -4.75,18 a 4.24,4.24 0 0 1 -4.01,3.37 z m -24.2,-26.29 a 3.25,3.25 0 0 0 -3.08,2.45 l -4.4,18 a 2.38,2.38 0 0 0 0.36,2 2.28,2.28 0 0 0 1.66,0.92 l 29.39,2 a 3.22,3.22 0 0 0 3.38,-2.53 l 4.74,-18 a 2.31,2.31 0 0 0 -0.4,-1.86 2.36,2.36 0 0 0 -1.73,-0.93 l -29.67,-1.94 h -0.25 z"
       fill="#231f20"
       id="path50" />
    <path
       d="m 209.26,116.94 c 0.46,-0.35 0.9,-0.7 1.35,-1 1.26,-0.94 2.53,-1.86 3.79,-2.79 0.84,-0.61 1.67,-1.23 2.45,-1.92 a 8.63,8.63 0 0 0 1.78,-2.09 7.66,7.66 0 0 0 0.7,-1.68 10.37,10.37 0 0 0 0.31,-1.55 3.68,3.68 0 0 0 -2.34,-4 4.89,4.89 0 0 0 -5,1 6,6 0 0 0 -1,1 l -0.06,0.07 v -0.1 a 4.32,4.32 0 0 0 -1.75,-1.94 4.15,4.15 0 0 0 -2.32,-0.54 5.08,5.08 0 0 0 -4.55,3.42 6.42,6.42 0 0 0 -0.29,1.55 6.58,6.58 0 0 0 0,1.66 5.42,5.42 0 0 0 0.87,2.28 14.11,14.11 0 0 0 1.59,1.95 c 0.87,0.92 1.76,1.82 2.64,2.75 0.59,0.63 1.17,1.28 1.76,1.93 z"
       fill="#d1d3d4"
       id="path52" />
    <path
       d="m 190.58,136.71 22.51,2.47 a 2.14,2.14 0 0 1 1.84,2.69 l -4.21,13.51 a 2.83,2.83 0 0 1 -3.06,2.09 L 185.37,155 a 2.11,2.11 0 0 1 -1.76,-2.74 l 3.95,-13.52 a 2.85,2.85 0 0 1 3.02,-2.03 z"
       fill="#ffffff"
       id="path54" />
    <path
       d="m 208,158 a 2.83,2.83 0 0 1 -0.41,0 l -22.28,-2.49 a 2.59,2.59 0 0 1 -1.86,-1.14 2.65,2.65 0 0 1 -0.32,-2.22 l 4,-13.53 a 3.38,3.38 0 0 1 3.56,-2.38 l 22.5,2.47 a 2.69,2.69 0 0 1 1.91,1.14 2.66,2.66 0 0 1 0.37,2.17 l -4.22,13.54 A 3.36,3.36 0 0 1 208,158 Z m -17.75,-20.81 a 2.35,2.35 0 0 0 -2.21,1.67 l -3.95,13.53 a 1.7,1.7 0 0 0 0.19,1.4 1.64,1.64 0 0 0 1.15,0.7 l 22.28,2.51 a 2.34,2.34 0 0 0 2.53,-1.72 l 4.21,-13.54 a 1.6,1.6 0 0 0 -0.23,-1.33 1.65,1.65 0 0 0 -1.2,-0.71 l -22.49,-2.47 v 0 a 1.23,1.23 0 0 0 -0.28,-0.04 z"
       fill="#231f20"
       id="path56" />
    <path
       d="m 236.37,128 31.18,3.16 a 2.08,2.08 0 0 1 2,2.54 l -5.16,19.2 a 3,3 0 0 1 -3.25,2 l -31.16,-4 a 2,2 0 0 1 -1.83,-2.52 l 5.12,-18.42 a 2.92,2.92 0 0 1 3.1,-1.96 z"
       fill="#ffffff"
       id="path58" />
    <path
       d="m 261.56,155.37 a 3.4,3.4 0 0 1 -0.45,0 l -31.15,-4 a 2.69,2.69 0 0 1 -2,-1.15 2.36,2.36 0 0 1 -0.3,-2 l 5.12,-18.42 a 3.37,3.37 0 0 1 3.59,-2.29 l 31.18,3.15 a 2.91,2.91 0 0 1 2.14,1.18 2.37,2.37 0 0 1 0.33,2 L 264.91,153 a 3.44,3.44 0 0 1 -3.35,2.37 z m -25.47,-26.89 a 2.41,2.41 0 0 0 -2.3,1.58 l -5.12,18.42 a 1.45,1.45 0 0 0 0.17,1.17 1.71,1.71 0 0 0 1.25,0.71 l 31.15,4 a 2.47,2.47 0 0 0 2.71,-1.59 l 5.15,-19.2 a 1.35,1.35 0 0 0 -0.19,-1.16 1.88,1.88 0 0 0 -1.41,-0.75 l -31.18,-3.16 h -0.23 z"
       fill="#231f20"
       id="path60" />
    <polygon
       points="252.48,149.19 256.18,149.65 258.79,140 255.09,139.59 "
       fill="#d1d3d4"
       id="polygon62" />
    <path
       d="m 256.18,149.81 v 0 l -3.7,-0.45 a 0.16,0.16 0 0 1 -0.13,-0.2 l 2.61,-9.6 a 0.15,0.15 0 0 1 0.17,-0.12 l 3.7,0.42 a 0.15,0.15 0 0 1 0.11,0.07 0.16,0.16 0 0 1 0,0.12 l -2.61,9.65 a 0.16,0.16 0 0 1 -0.15,0.11 z m -3.5,-0.75 3.38,0.42 2.53,-9.34 -3.38,-0.38 z"
       fill="#d1d3d4"
       id="path64" />
    <path
       d="m 253.48,140.23 c 0,0 -3,-1.1 -3.8,-3 -0.8,-1.9 -0.27,-4.93 -0.72,-5.14 a 2.12,2.12 0 0 0 -2.31,0.78 c -0.72,0.92 -1.14,3.74 -0.54,5.67 0,0 -4,-0.49 -5.8,-0.69 -1.8,-0.2 -2.55,1.31 -1.68,2.06 0,0 -1.47,0 -1.29,1.32 0.18,1.32 0.68,1.42 1.47,1.52 0,0 -1,0.11 -1,1.08 0,0.97 1.22,1.35 1.22,1.35 a 1.09,1.09 0 0 0 -0.73,1.54 c 0.54,1.14 2.46,1.27 7,1.55 4.54,0.28 6.11,-0.54 6.11,-0.54 z"
       fill="#d1d3d4"
       id="path66" />
    <path
       d="m 247.16,148.53 c -0.55,0 -1.16,0 -1.85,-0.06 -4.51,-0.28 -6.57,-0.41 -7.16,-1.64 a 1.21,1.21 0 0 1 -0.06,-1 1.34,1.34 0 0 1 0.56,-0.59 1.68,1.68 0 0 1 -1,-1.35 1.08,1.08 0 0 1 0.54,-1 c -0.54,-0.16 -0.88,-0.5 -1,-1.55 a 1.23,1.23 0 0 1 0.26,-1 1.44,1.44 0 0 1 0.87,-0.45 1.14,1.14 0 0 1 -0.1,-1.13 1.94,1.94 0 0 1 2.12,-1 c 1.53,0.17 4.68,0.55 5.57,0.66 -0.52,-2 -0.11,-4.65 0.63,-5.59 A 2.28,2.28 0 0 1 249,132 c 0.27,0.13 0.28,0.61 0.3,1.66 a 9.62,9.62 0 0 0 0.49,3.56 c 0.8,1.78 3.69,2.87 3.72,2.88 a 0.16,0.16 0 0 1 0.09,0.19 l -2,7.54 a 0.16,0.16 0 0 1 -0.07,0.09 c -0.08,0.01 -1.2,0.61 -4.37,0.61 z M 240,138 a 1.53,1.53 0 0 0 -1.49,0.8 0.83,0.83 0 0 0 0.23,1 0.14,0.14 0 0 1 0,0.17 0.15,0.15 0 0 1 -0.14,0.1 1.43,1.43 0 0 0 -0.95,0.38 0.93,0.93 0 0 0 -0.19,0.77 c 0.16,1.24 0.61,1.29 1.34,1.38 a 0.16,0.16 0 0 1 0.14,0.16 0.15,0.15 0 0 1 -0.14,0.15 c 0,0 -0.89,0.12 -0.86,0.93 0.03,0.81 1.1,1.2 1.11,1.2 a 0.19,0.19 0 0 1 0.11,0.15 0.16,0.16 0 0 1 -0.11,0.15 1.25,1.25 0 0 0 -0.7,0.58 0.86,0.86 0 0 0 0.06,0.74 c 0.51,1.07 2.51,1.19 6.89,1.47 4,0.25 5.65,-0.37 6,-0.5 l 2,-7.34 c -0.6,-0.24 -3,-1.3 -3.76,-3 a 9.77,9.77 0 0 1 -0.52,-3.68 4.34,4.34 0 0 0 -0.12,-1.39 2,2 0 0 0 -2.11,0.74 c -0.71,0.9 -1.09,3.69 -0.52,5.54 a 0.14,0.14 0 0 1 0,0.15 0.16,0.16 0 0 1 -0.14,0.05 c 0,0 -4,-0.49 -5.79,-0.69 z"
       fill="#d1d3d4"
       id="path68" />
    <path
       d="m 214.89,194.41 34,3.92 a 5.4,5.4 0 0 0 5.6,-4 l 5.35,-20.19 a 4,4 0 0 0 -3.21,-5.18 l -34.09,-4.34 a 5.43,5.43 0 0 0 -5.75,4.07 l -5.23,20.58 a 4,4 0 0 0 3.33,5.14 z"
       fill="#ffffff"
       id="path70" />
    <path
       d="m 249.36,198.86 h -0.57 l -34,-3.92 v 0 a 4.36,4.36 0 0 1 -3.17,-1.87 4.74,4.74 0 0 1 -0.63,-3.89 l 5.23,-20.58 a 6,6 0 0 1 6.3,-4.44 l 34.09,4.33 a 4.33,4.33 0 0 1 3.06,1.87 4.88,4.88 0 0 1 0.57,3.94 l -5.35,20.19 a 6,6 0 0 1 -5.53,4.37 z m -34.42,-4.94 34,3.92 A 4.92,4.92 0 0 0 254,194.2 l 5.31,-20.2 a 3.73,3.73 0 0 0 -0.44,-3.12 3.29,3.29 0 0 0 -2.35,-1.43 l -34.09,-4.34 a 4.94,4.94 0 0 0 -5.2,3.7 L 212,189.39 a 3.76,3.76 0 0 0 0.48,3.08 3.42,3.42 0 0 0 2.46,1.45 z"
       fill="#231f20"
       id="path72" />
    <path
       d="m 225.91,181.11 12,9.76 a 1.72,1.72 0 0 0 2.6,-1.08 l 4.19,-16 a 1.37,1.37 0 0 0 -1.9,-1.66 l -16.22,6.27 a 1.66,1.66 0 0 0 -0.67,2.71 z"
       fill="#d1d3d4"
       id="path74" />
    <path
       d="m 238,102.63 35.92,3.74 a 2.76,2.76 0 0 0 2.78,-2.16 l 5.84,-24 a 1.93,1.93 0 0 0 -1.63,-2.54 l -35.84,-3 a 2.73,2.73 0 0 0 -2.66,2.12 l -5.9,23.31 a 1.89,1.89 0 0 0 1.49,2.53 z"
       fill="#ffffff"
       id="path76" />
    <path
       d="M 244.87,74.66 H 245 l 35.84,3 a 1.93,1.93 0 0 1 1.63,2.54 l -5.84,24 a 2.8,2.8 0 0 1 -2.57,2.17 h -0.21 L 238,102.63 a 1.89,1.89 0 0 1 -1.49,-2.53 l 5.9,-23.31 a 2.77,2.77 0 0 1 2.5,-2.13 m 0,-1 a 3.78,3.78 0 0 0 -3.47,2.88 l -5.9,23.31 a 3.22,3.22 0 0 0 0.42,2.64 2.64,2.64 0 0 0 1.94,1.13 l 35.91,3.74 a 1.77,1.77 0 0 0 0.32,0 3.8,3.8 0 0 0 3.54,-2.94 l 5.84,-24 A 3.2,3.2 0 0 0 283.05,77.79 2.77,2.77 0 0 0 281,76.63 l -35.84,-3 z"
       fill="#231f20"
       id="path78" />
    <path
       d="m 258,95.76 a 0.51,0.51 0 0 1 -0.41,-0.2 L 243,75.47 a 0.51,0.51 0 0 1 0.11,-0.7 0.5,0.5 0 0 1 0.7,0.12 L 258.04,94.57 281.93,78 a 0.51,0.51 0 0 1 0.7,0.13 0.5,0.5 0 0 1 -0.13,0.7 L 258.25,95.67 A 0.51,0.51 0 0 1 258,95.76 Z"
       fill="#d1d3d4"
       id="path80" />
    <path
       d="m 236.71,102.37 a 0.5,0.5 0 0 1 -0.42,-0.22 0.51,0.51 0 0 1 0.14,-0.7 L 254.15,90 a 0.5,0.5 0 0 1 0.69,0.14 0.51,0.51 0 0 1 -0.14,0.7 L 237,102.29 a 0.47,0.47 0 0 1 -0.29,0.08 z"
       fill="#d1d3d4"
       id="path82" />
    <path
       d="m 275.51,106.39 a 0.49,0.49 0 0 1 -0.39,-0.19 L 263.36,91.55 a 0.5,0.5 0 0 1 0.08,-0.7 0.49,0.49 0 0 1 0.7,0.08 l 11.76,14.65 a 0.49,0.49 0 0 1 -0.07,0.7 0.56,0.56 0 0 1 -0.32,0.11 z"
       fill="#d1d3d4"
       id="path84" />
    <path
       d="m 166.44,150.81 a 43,43 0 0 1 9.89,-12.88 c 6.56,-5.67 10.49,-9.79 8.43,-10.91 -2.06,-1.12 -8.88,3.72 -8.88,3.72 l 5.16,-18.9 c 0,0 -11.37,7.49 -14.6,13.86 -3.23,6.37 -9.6,19.81 -9.6,19.81 z"
       fill="#ffffff"
       id="path86" />
    <path
       d="m 166.44,151.31 a 0.5,0.5 0 0 1 -0.24,-0.06 l -9.6,-5.31 a 0.5,0.5 0 0 1 -0.21,-0.65 c 0.06,-0.13 6.41,-13.51 9.61,-19.81 3.2,-6.3 14.29,-13.75 14.76,-14.06 a 0.5,0.5 0 0 1 0.76,0.55 l -4.8,17.59 c 2.19,-1.44 6.48,-4 8.28,-3 a 1.43,1.43 0 0 1 0.8,1.15 c 0.19,1.74 -2.46,4.8 -9.14,10.58 a 42.62,42.62 0 0 0 -9.76,12.71 0.5,0.5 0 0 1 -0.3,0.27 0.44,0.44 0 0 1 -0.16,0.04 z m -8.95,-6 8.73,4.82 A 44.33,44.33 0 0 1 176,137.55 c 2.23,-1.92 9,-7.79 8.81,-9.71 a 0.47,0.47 0 0 0 -0.29,-0.38 c -1.24,-0.68 -5.63,1.75 -8.35,3.69 a 0.51,0.51 0 0 1 -0.78,-0.54 l 4.8,-17.58 c -2.92,2.06 -10.76,7.89 -13.3,12.9 -2.89,5.66 -8.29,17.07 -9.4,19.37 z"
       fill="#231f20"
       id="path88" />
    <line
       x1="203.5"
       y1="73.660004"
       x2="235.67"
       y2="76.470001"
       fill="#ffffff"
       id="line90" />
    <path
       d="m 235.67,77 v 0 l -32.16,-2.81 a 0.51,0.51 0 0 1 -0.46,-0.54 0.5,0.5 0 0 1 0.54,-0.46 L 235.71,76 a 0.5,0.5 0 0 1 0,1 z"
       fill="#231f20"
       id="path92" />
    <line
       x1="201.41"
       y1="79.43"
       x2="227.32001"
       y2="81.760002"
       fill="#ffffff"
       id="line94" />
    <path
       d="m 227.32,82.26 v 0 l -25.91,-2.33 a 0.49,0.49 0 0 1 -0.45,-0.54 0.5,0.5 0 0 1 0.54,-0.46 l 25.91,2.34 a 0.50062461,0.50062461 0 0 1 -0.05,1 z"
       fill="#231f20"
       id="path96" />
    <path
       d="m 157.07,81.35 c 0,0 6.77,11.16 5.2,13.36 -1.57,2.2 -6.47,0.51 -6.47,0.51"
       fill="#ffffff"
       id="path98" />
    <path
       d="m 159.34,96.34 a 12.94,12.94 0 0 1 -3.7,-0.64 0.5265216,0.5265216 0 1 1 0.33,-1 c 1.26,0.43 4.78,1.22 5.89,-0.33 1,-1.33 -2.48,-8.29 -5.22,-12.81 a 0.5,0.5 0 0 1 0.17,-0.69 0.51,0.51 0 0 1 0.69,0.17 c 1.16,1.91 6.86,11.56 5.17,13.91 a 3.92,3.92 0 0 1 -3.33,1.39 z"
       fill="#231f20"
       id="path100" />
    <path
       d="m 118,101.88 c -5,0.09 -9.35,-1.68 -14.78,-5 -1.54,-0.93 -3.3,-2.41 -2.81,-4.13 a 7.56,7.56 0 0 0 0.62,-1.72 c 0,-1 -1,-1.68 -1.81,-2.28 A 8.9,8.9 0 0 1 102.38,73 10.74,10.74 0 0 1 108.81,54.71 c -1.43,0.15 1.54,-8 2,-8.76 a 14.91,14.91 0 0 1 7.66,-6 15.15,15.15 0 0 1 12.66,1.38 c 0.87,-2.2 3.34,-3.43 5.7,-3.53 a 17.58,17.58 0 0 1 6.87,1.55 c 2.63,1 5.48,2.28 6.62,4.84 a 5.18,5.18 0 0 0 0.8,1.55 4.36,4.36 0 0 0 2,0.92 c 7.92,2.47 9.5,14.39 4.06,19.46 -1,0.89 -2,0.45 -2.8,1.55 -0.52,0.73 -0.59,2.75 -0.87,3.68 a 35.23,35.23 0 0 1 -2.78,6.51 63.38,63.38 0 0 1 -9,12 38.3,38.3 0 0 1 -15.42,10.49 26.54,26.54 0 0 1 -8.31,1.53 z"
       fill="#ffffff"
       id="path102" />
    <path
       d="m 117.62,102.38 c -4.49,0 -8.77,-1.48 -14.64,-5.06 -3.08,-1.87 -3.35,-3.59 -3,-4.7 a 4.69,4.69 0 0 1 0.31,-0.75 2.2,2.2 0 0 0 0.29,-0.85 c 0,-0.67 -0.7,-1.2 -1.4,-1.71 l -0.2,-0.15 A 9.4,9.4 0 0 1 101.5,72.72 11.24,11.24 0 0 1 108,54.3 c -0.25,-2.15 2.13,-8.2 2.41,-8.65 a 15.4,15.4 0 0 1 7.93,-6.23 15.64,15.64 0 0 1 12.6,1.14 7.07,7.07 0 0 1 5.9,-3.32 17.87,17.87 0 0 1 7.07,1.58 c 2.69,1 5.66,2.35 6.89,5.11 l 0.18,0.41 a 3.17,3.17 0 0 0 0.53,1 3.22,3.22 0 0 0 1.45,0.69 l 0.32,0.09 c 3.58,1.12 6.29,4.29 7.25,8.49 1,4.52 -0.14,9.16 -3,11.82 a 3.52,3.52 0 0 1 -1.56,0.78 1.83,1.83 0 0 0 -1.19,0.69 6.66,6.66 0 0 0 -0.52,2.12 11.47,11.47 0 0 1 -0.27,1.41 35.23,35.23 0 0 1 -2.86,6.57 64.1,64.1 0 0 1 -9.11,12 38.74,38.74 0 0 1 -15.62,10.62 27,27 0 0 1 -8.37,1.67 h -0.41 z m -8.76,-47.21 a 10.25,10.25 0 0 0 -6.13,17.44 0.5,0.5 0 0 1 0.13,0.49 0.51,0.51 0 0 1 -0.36,0.35 8.41,8.41 0 0 0 -3,14.91 l 0.2,0.14 c 0.82,0.61 1.85,1.36 1.81,2.56 a 3.07,3.07 0 0 1 -0.39,1.24 5,5 0 0 0 -0.25,0.59 c -0.4,1.41 1.19,2.72 2.59,3.58 5.87,3.57 10.08,5 14.51,4.91 v 0 a 25.9,25.9 0 0 0 8.06,-1.62 37.53,37.53 0 0 0 15.21,-10.35 63.7,63.7 0 0 0 9,-11.85 34.47,34.47 0 0 0 2.76,-6.42 11.71,11.71 0 0 0 0.24,-1.27 6.62,6.62 0 0 1 0.7,-2.55 2.8,2.8 0 0 1 1.73,-1.08 2.43,2.43 0 0 0 1.14,-0.55 c 2.6,-2.41 3.66,-6.68 2.71,-10.85 -0.89,-3.91 -3.29,-6.74 -6.58,-7.76 l -0.3,-0.1 a 3.88,3.88 0 0 1 -1.89,-1 3.81,3.81 0 0 1 -0.74,-1.31 c 0,-0.12 -0.1,-0.25 -0.16,-0.37 -1.07,-2.41 -3.83,-3.63 -6.34,-4.58 a 17,17 0 0 0 -6.67,-1.52 c -2,0.09 -4.42,1.12 -5.26,3.22 a 0.52,0.52 0 0 1 -0.31,0.29 0.57,0.57 0 0 1 -0.42,0 14.53,14.53 0 0 0 -12.23,-1.33 14.34,14.34 0 0 0 -7.4,5.81 c -0.45,0.73 -2.56,6.86 -2.29,8 a 0.5,0.5 0 0 1 0.37,0.43 0.5,0.5 0 0 1 -0.44,0.55 z"
       fill="#231f20"
       id="path104" />
    <path
       d="m 156,66.38 a 3.27,3.27 0 0 1 0.94,0.78 9.84,9.84 0 0 1 2,4.92 c 0.58,3.67 -0.11,7.4 -0.28,11.08 q -0.5,10.85 -1.5,21.65 c -0.42,4.57 -12.29,4.21 -14.33,2.76 l 1.17,18.17 -24.56,-10.52 1.6,-14.93 c 0,0 8.07,0.37 13.06,-8.79 a 32.64,32.64 0 0 0 3,-8.78 c 0.57,-2.6 1.8,-6.31 1.73,-8.94 a 12.07,12.07 0 0 0 -0.77,-3.45 4.37,4.37 0 0 0 3.25,0.31 2.92,2.92 0 0 0 1.5,-2 8.77,8.77 0 0 0 0.08,-2.61 4.41,4.41 0 0 0 6.22,-1.75 c 0.27,1.14 1.66,1.53 2.82,1.71 1.65,0.24 2.89,-0.25 4.07,0.39 z"
       fill="#ffffff"
       id="path106" />
    <path
       d="m 144,126.24 a 0.45,0.45 0 0 1 -0.2,0 l -24.56,-10.52 a 0.52,0.52 0 0 1 -0.3,-0.52 l 1.6,-14.92 a 0.51,0.51 0 0 1 0.52,-0.45 c 0.31,0 7.83,0.23 12.6,-8.53 a 32.46,32.46 0 0 0 2.93,-8.64 c 0.16,-0.71 0.36,-1.5 0.57,-2.32 a 26.77,26.77 0 0 0 1.15,-6.51 11.21,11.21 0 0 0 -0.75,-3.3 0.5,0.5 0 0 1 0.65,-0.63 4,4 0 0 0 2.87,0.33 2.41,2.41 0 0 0 1.22,-1.7 8,8 0 0 0 0.07,-2.45 0.49,0.49 0 0 1 0.25,-0.47 0.51,0.51 0 0 1 0.53,0 3.92,3.92 0 0 0 5.47,-1.61 0.51,0.51 0 0 1 0.5,-0.29 0.49,0.49 0 0 1 0.44,0.38 c 0.16,0.67 0.94,1.1 2.41,1.34 a 9.81,9.81 0 0 0 1.77,0.07 4.76,4.76 0 0 1 2.51,0.4 v 0 a 3.85,3.85 0 0 1 1.08,0.89 10.06,10.06 0 0 1 2.09,5.21 33,33 0 0 1 0,8 c -0.09,1.06 -0.18,2.12 -0.23,3.17 -0.33,7.21 -0.84,14.5 -1.5,21.67 -0.08,0.89 -0.6,2.14 -2.57,3 -3.28,1.51 -9.17,1.37 -11.71,0.49 l 1.11,17.33 a 0.51,0.51 0 0 1 -0.21,0.44 0.52,0.52 0 0 1 -0.31,0.14 z m -24,-11.34 23.43,10.1 -1.11,-17.36 a 0.52,0.52 0 0 1 0.26,-0.47 0.51,0.51 0 0 1 0.53,0 c 1.34,1 8.06,1.43 11.56,-0.17 1.23,-0.57 1.9,-1.32 2,-2.23 0.66,-7.16 1.17,-14.43 1.5,-21.62 0,-1.07 0.14,-2.15 0.24,-3.22 a 32,32 0 0 0 0,-7.76 9.17,9.17 0 0 0 -1.86,-4.68 3.11,3.11 0 0 0 -0.79,-0.66 3.86,3.86 0 0 0 -2,-0.28 10.28,10.28 0 0 1 -1.95,-0.08 4.77,4.77 0 0 1 -2.76,-1.21 5,5 0 0 1 -5.65,1.6 7.41,7.41 0 0 1 -0.14,1.87 3.44,3.44 0 0 1 -1.78,2.38 3.8,3.8 0 0 1 -2.68,0 9.71,9.71 0 0 1 0.49,2.64 26.93,26.93 0 0 1 -1.18,6.79 c -0.21,0.81 -0.41,1.59 -0.56,2.28 a 33.57,33.57 0 0 1 -3,8.91 c -4.38,8 -11.21,9 -13.05,9 z"
       fill="#231f20"
       id="path108" />
    <path
       d="m 143,84.8 c 0,-1.81 -0.91,-3.48 -1.84,-5 a 13.88,13.88 0 0 0 -2.49,-3.38 4.77,4.77 0 0 0 -3.82,-1.42 4.45,4.45 0 0 0 -2.92,2.13 8.49,8.49 0 0 0 -1,3.55 15.51,15.51 0 0 0 6.62,14 l -0.38,-0.45"
       fill="#ffffff"
       id="path110" />
    <path
       d="m 137.51,95.26 a 0.51,0.51 0 0 1 -0.28,-0.09 16.1,16.1 0 0 1 -6.84,-14.49 8.87,8.87 0 0 1 1.11,-3.77 4.84,4.84 0 0 1 3.27,-2.36 5.19,5.19 0 0 1 4.23,1.45 14.21,14.21 0 0 1 2.58,3.49 c 0.87,1.47 1.95,3.3 1.91,5.31 a 0.51,0.51 0 0 1 -0.51,0.49 0.5,0.5 0 0 1 -0.49,-0.51 c 0,-1.73 -1,-3.42 -1.77,-4.78 a 13.57,13.57 0 0 0 -2.39,-3.26 4.28,4.28 0 0 0 -3.43,-1.22 3.92,3.92 0 0 0 -2.58,1.9 7.8,7.8 0 0 0 -1,3.34 15.08,15.08 0 0 0 5.68,13 0.5,0.5 0 0 1 0.44,0.17 l 0.38,0.45 a 0.5,0.5 0 0 1 0,0.66 0.52,0.52 0 0 1 -0.31,0.22 z"
       fill="#231f20"
       id="path112" />
    <path
       d="m 114.21,119.49 2.44,-7.9 31.8,3.07 1.83,7.26 c 0,0 -16.62,7.9 -36.07,-2.43 z"
       fill="#ffffff"
       id="path114" />
    <path
       d="m 135.06,125.27 a 44.62,44.62 0 0 1 -21.06,-5.34 0.5,0.5 0 0 1 -0.24,-0.59 l 2.43,-7.9 a 0.5,0.5 0 0 1 0.52,-0.35 l 31.81,3.08 a 0.5,0.5 0 0 1 0.44,0.37 l 1.82,7.26 a 0.49,0.49 0 0 1 -0.27,0.57 39.61,39.61 0 0 1 -15.45,2.9 z m -20.25,-6 a 42.47,42.47 0 0 0 34.88,2.39 l -1.64,-6.5 -31.05,-3 z"
       fill="#231f20"
       id="path116" />
    <ellipse
       cx="155.16"
       cy="76.989998"
       rx="1.02"
       ry="2.5899999"
       transform="rotate(-0.9,155.37364,76.981195)"
       fill="#231f20"
       id="ellipse118" />
    <path
       d="m 102,250 c 0,0 -15.25,-101.76 -1.88,-120.6 7.52,-10.6 19.64,-11 30.73,-10.48 8.61,0.38 16.24,-0.27 22.89,5 15.19,12.15 37.38,120.19 37.38,120.19 0,0 -32.79,22.89 -89.12,5.89 z"
       fill="#68e1fd"
       id="path120"
       style="fill:#68c3df;fill-opacity:1" />
    <path
       d="m 205.94,110.72 h 3.95 v 14.75 a 1.86,1.86 0 0 1 -1.86,1.86 h -0.23 a 1.86,1.86 0 0 1 -1.86,-1.86 z"
       transform="rotate(-18.18,207.97061,119.04259)"
       fill="#ffffff"
       id="path122" />
    <path
       d="m 209.82,127.55 a 2.36,2.36 0 0 1 -2.25,-1.63 l -4.6,-14 a 0.5,0.5 0 0 1 0.32,-0.63 L 207,110 a 0.5,0.5 0 0 1 0.38,0 0.51,0.51 0 0 1 0.25,0.29 l 4.6,14 a 2.34,2.34 0 0 1 -0.13,1.8 2.38,2.38 0 0 1 -1.37,1.18 l -0.22,0.07 a 2.33,2.33 0 0 1 -0.69,0.21 z m -5.75,-15.48 4.45,13.54 a 1.37,1.37 0 0 0 1.72,0.87 l 0.22,-0.07 v 0 a 1.43,1.43 0 0 0 0.79,-0.68 1.34,1.34 0 0 0 0.07,-1 l -4.44,-13.54 z"
       fill="#231f20"
       id="path124" />
    <rect
       x="200.27"
       y="98.25"
       width="6.3800001"
       height="14.43"
       transform="rotate(-18.18,203.50666,105.47595)"
       fill="#ffffff"
       id="rect126" />
    <path
       d="m 202.68,113.81 a 0.59,0.59 0 0 1 -0.23,0 0.51,0.51 0 0 1 -0.25,-0.29 l -4.5,-13.71 a 0.5,0.5 0 0 1 0.32,-0.63 l 6.06,-2 a 0.46,0.46 0 0 1 0.38,0 0.48,0.48 0 0 1 0.25,0.29 l 4.5,13.71 a 0.5,0.5 0 0 1 0,0.38 0.51,0.51 0 0 1 -0.29,0.25 l -6.06,2 z m -3.87,-13.89 4.19,12.76 5.11,-1.68 -4.2,-12.76 z"
       fill="#231f20"
       id="path128" />
    <rect
       x="209.55"
       y="121.19"
       width="6.3800001"
       height="25.09"
       rx="2.25"
       transform="matrix(0.95,-0.31,0.31,0.95,-31.11,73.07)"
       fill="#ffffff"
       id="rect130" />
    <path
       d="m 215.06,146.56 a 2.76,2.76 0 0 1 -2.61,-1.89 L 206,125.11 a 2.76,2.76 0 0 1 1.75,-3.48 l 1.78,-0.58 a 2.75,2.75 0 0 1 3.47,1.75 l 6.43,19.57 a 2.75,2.75 0 0 1 -1.75,3.47 l -1.79,0.58 a 2.54,2.54 0 0 1 -0.83,0.14 z m -4.64,-24.65 a 1.76,1.76 0 0 0 -0.55,0.09 l -1.78,0.58 a 1.75,1.75 0 0 0 -1.11,2.21 l 6.42,19.57 a 1.75,1.75 0 0 0 0.88,1 1.71,1.71 0 0 0 1.33,0.1 l 1.78,-0.58 v 0 a 1.74,1.74 0 0 0 1,-0.88 1.71,1.71 0 0 0 0.1,-1.33 l -6.43,-19.56 a 1.75,1.75 0 0 0 -1.64,-1.2 z"
       fill="#231f20"
       id="path132" />
    <circle
       cx="200.05"
       cy="95.110001"
       r="16.93"
       fill="#ffffff"
       id="circle134" />
    <path
       d="m 200.07,112.54 a 17.43,17.43 0 1 1 5.42,-0.87 17.47,17.47 0 0 1 -5.42,0.87 z m 0,-33.86 a 16.25,16.25 0 0 0 -5.11,0.82 16.43,16.43 0 1 0 5.11,-0.82 z"
       fill="#231f20"
       id="path136" />
    <circle
       cx="200.05"
       cy="95.110001"
       r="13.75"
       fill="#ffffff"
       id="circle138" />
    <path
       d="m 200.06,109.36 a 14.25,14.25 0 1 1 13.53,-18.7 v 0 a 14.25,14.25 0 0 1 -13.53,18.7 z m 0,-27.51 A 13.26,13.26 0 1 0 212.64,91 v 0 A 13.27,13.27 0 0 0 200,81.85 Z"
       fill="#231f20"
       id="path140" />
    <path
       d="m 197.71,152.86 c 0,0 0.67,-5 0.67,-5 0,-0.21 0.34,-15.64 1.67,-16.83 1.33,-1.19 18.59,-13.71 19.8,-12 1.21,1.71 -1.21,4.93 -1.21,4.93 0,0 4.05,-0.41 3.64,2 -0.41,2.41 -2.83,4.86 -2.83,4.86 0,0 2.48,-1.82 2.86,0.81 a 4.36,4.36 0 0 1 -1.65,4.06 c 0,0 3.65,-1.62 2.84,1.41 -0.81,3.03 -9.69,10.74 -9.69,10.74 l -1.07,6.6 z"
       fill="#ffffff"
       id="path142" />
    <path
       d="m 212.74,155 h -0.05 l -15,-1.6 h -0.09 c -0.41,-0.12 -0.41,-0.12 0.2,-4.63 l 0.12,-0.89 c 0,-0.09 0.26,-15.72 1.84,-17.15 1,-0.92 16.53,-12.3 19.75,-12.3 h 0.13 a 0.9,0.9 0 0 1 0.66,0.36 c 1,1.41 0,3.52 -0.67,4.69 a 4.06,4.06 0 0 1 2.73,0.93 2,2 0 0 1 0.46,1.7 9.19,9.19 0 0 1 -1.74,3.67 1.78,1.78 0 0 1 0.68,0.12 2,2 0 0 1 1.09,1.73 4.73,4.73 0 0 1 -0.66,3.21 2,2 0 0 1 1.47,0.35 2,2 0 0 1 0.36,2.11 c -0.79,3 -8.53,9.84 -9.71,10.87 l -1,6.42 a 0.51,0.51 0 0 1 -0.57,0.41 z m -14.47,-2.54 14.06,1.49 1,-6.13 a 0.47,0.47 0 0 1 0.16,-0.3 c 2.44,-2.11 8.9,-8.11 9.54,-10.48 0.14,-0.55 0.13,-0.95 0,-1.1 -0.35,-0.29 -1.45,0 -2.11,0.26 a 0.49,0.49 0 0 1 -0.64,-0.21 0.48,0.48 0 0 1 0.15,-0.65 3.84,3.84 0 0 0 1.44,-3.57 c -0.06,-0.37 -0.18,-0.82 -0.49,-0.95 -0.49,-0.21 -1.33,0.28 -1.59,0.47 a 0.5,0.5 0 0 1 -0.67,-0.08 0.51,0.51 0 0 1 0,-0.68 c 0,0 2.33,-2.35 2.7,-4.59 a 0.92,0.92 0 0 0 -0.2,-0.85 c -0.62,-0.66 -2.31,-0.65 -2.9,-0.6 a 0.51,0.51 0 0 1 -0.49,-0.25 0.48,0.48 0 0 1 0,-0.54 c 0.61,-0.82 2,-3.2 1.21,-4.34 -1.7,-0.51 -17.32,10.53 -19.06,12.1 -1,1 -1.51,13.93 -1.51,16.46 0,0 0,0.4 -0.13,1 -0.12,0.89 -0.36,2.65 -0.47,3.5 z"
       fill="#231f20"
       id="path144" />
    <path
       d="m 153.72,123.92 c 0,0 9.72,5.88 17,19.35 7.28,13.47 18.1,46.78 18.1,46.78 l 6.23,-42.43 21.25,4.79 c 0,0 1.82,76 -17,84.55 -18.82,8.55 -66.93,-44.36 -66.93,-44.36 z"
       fill="#68e1fd"
       id="path146"
       style="fill:#68c3df;fill-opacity:1" />
    <path
       d="m 193.17,238.32 h -0.14 c -0.1,0 -10.59,-3.17 -22.74,-14.42 -11.18,-10.36 -26.13,-29.92 -33.85,-64.3 a 0.51195703,0.51195703 0 0 1 1,-0.22 c 14.65,65.27 55.48,77.86 55.89,78 a 0.50487622,0.50487622 0 0 1 -0.14,1 z"
       fill="#231f20"
       id="path148" />
    <path
       d="m 198.68,101.5 c 0.33,-0.25 0.65,-0.51 1,-0.75 l 2.75,-2 c 0.61,-0.45 1.21,-0.89 1.78,-1.4 a 6.62,6.62 0 0 0 1.29,-1.51 5.6,5.6 0 0 0 0.5,-1.22 6.29,6.29 0 0 0 0.23,-1.13 2.65,2.65 0 0 0 -1.69,-2.88 3.57,3.57 0 0 0 -3.62,0.7 4.77,4.77 0 0 0 -0.7,0.72 v 0 -0.07 a 3.21,3.21 0 0 0 -1.27,-1.41 3,3 0 0 0 -1.69,-0.39 3.65,3.65 0 0 0 -3.3,2.48 4.91,4.91 0 0 0 -0.21,1.12 5.43,5.43 0 0 0 0,1.21 4,4 0 0 0 0.64,1.65 10.35,10.35 0 0 0 1.15,1.42 c 0.63,0.66 1.28,1.32 1.91,2 0.44,0.46 0.86,0.93 1.28,1.4 z"
       fill="#68e1fd"
       id="path150" />
    <path
       d="M 155.73,100.16 150.28,97 c 0,0 -1.66,6.55 1.3,8.24 2.96,1.69 4.15,-5.08 4.15,-5.08 z"
       fill="#ffffff"
       id="path152" />
    <path
       d="m 152.5,106 a 2.31,2.31 0 0 1 -1.17,-0.34 c -3.25,-1.85 -1.61,-8.51 -1.54,-8.79 a 0.52,0.52 0 0 1 0.29,-0.34 0.51,0.51 0 0 1 0.45,0 l 5.47,3.2 a 0.51,0.51 0 0 1 0.24,0.52 c -0.09,0.47 -0.88,4.62 -2.88,5.56 A 2,2 0 0 1 152.5,106 Z m -1.88,-8.23 c -0.4,2 -0.71,5.93 1.21,7 a 1.13,1.13 0 0 0 1.1,0.1 c 1.19,-0.56 2,-3.17 2.24,-4.48 z"
       fill="#231f20"
       id="path154" />
    <path
       d="m 142.82,107.57 c 0,0 -7.93,-2.12 -10.57,-4.66 a 55.31,55.31 0 0 0 10.75,9.71 z"
       fill="#231f20"
       id="path156" />
    <path
       d="m 143,113.12 a 0.43,0.43 0 0 1 -0.27,-0.08 56.08,56.08 0 0 1 -10.9,-9.81 0.5,0.5 0 0 1 0.73,-0.68 c 2.52,2.42 10.28,4.52 10.36,4.54 a 0.49,0.49 0 0 1 0.37,0.46 l 0.21,5 a 0.5,0.5 0 0 1 -0.25,0.46 0.57,0.57 0 0 1 -0.25,0.11 z m -7.9,-7.8 a 51.26,51.26 0 0 0 7.36,6.34 l -0.16,-3.71 a 48.78,48.78 0 0 1 -7.17,-2.63 z"
       fill="#231f20"
       id="path158" />
  </g>
</svg>
